0 2 100 0 0
00 2 200 0 0
00 2 300 0 0
00 2 400 0 0
00 2 500 0 0
00 2 150 0 0
00 2 250 0 0
00 2 360 0 0
00 2 460 0 0
00 2 550 0 0
10 2 100 0 0
10 2 200 0 0
10 2 300 0 0
10 2 400 0 0
10 2 500 0 0
10 2 150 0 0
10 2 250 0 0
10 2 360 0 0
10 2 460 0 0
10 2 550 0 0
20 2 100 0 0
20 2 200 0 0
20 2 300 0 0
20 2 400 0 0
20 2 500 0 0
20 2 150 0 0
20 2 250 0 0
20 2 360 0 0
20 2 460 0 0
20 2 550 0 0
20 0 200 130 30
30 0 300 140 60
50 3 300 0 0
60 3 400 0 0
70 2 500 0 0
80 2 600 0 0
90 2 500 0 0
100 2 400 0 0
110 2 300 0 0
120 3 300 0 0
130 3 400 0 0
140 3 100 0 0
150 3 500 0 0
160 3 400 0 0
170 2 500 0 0
180 2 600 0 0
190 2 500 0 0
190 2 400 0 0
190 2 300 0 0
200 0 700 200 0
250 3 0 0 0
270 3 0 0 0
300 0 500 200 80
310 0 100 120 0
320 0 200 130 30
330 0 300 140 60