100 2 100 0 0
100 2 200 0 0
100 2 300 0 0
100 2 400 0 0
100 2 500 0 0
100 2 150 0 0
100 2 250 0 0
100 2 360 0 0
100 2 460 0 0
100 2 550 0 0
110 2 100 0 0
110 2 200 0 0
110 2 300 0 0
110 2 400 0 0
110 2 500 0 0
110 2 150 0 0
110 2 250 0 0
110 2 360 0 0
110 2 460 0 0
110 2 550 0 0
120 2 100 0 0
120 2 200 0 0
120 2 300 0 0
120 2 400 0 0
120 2 500 0 0
120 2 150 0 0
120 2 250 0 0
120 2 360 0 0
120 2 460 0 0
120 2 550 0 0
150 1 300 500 0
200 1 700 500 0
300 1 500 500 80
350 1 500 500 30
400 1 500 500 -30
450 1 500 500 90

